# This file lists the distribution of ALT allele frequencies, determined from 1000 genomes data
# First number is the alt allele frequency, second number is number of variants in 1kg data with that frequency
# Derived from John's workings in /home/cleary/hardyWeinberg/integral
# awk '{print (1-$1)" "$2}' </home/cleary/hardyWeinberg/integral/p.dist | sort -n
0.001 311446000.000
0.002 11878031000.001
0.003 2572726000.000
0.004 1800818000.000
0.005 2373397000.000
0.006 866392000.000
0.007 731011000.000
0.008 673312000.000
0.009 555987000.000
0.01 488993000.000
0.011 442051000.000
0.012 392974000.000
0.013 357795000.000
0.014 567086000.000
0.015 329119000.000
0.016 266211000.000
0.017 239286000.000
0.018 221876000.000
0.019 209167000.000
0.02 194189000.000
0.021 290033000.000
0.022 226708000.000
0.023 157153000.000
0.024 147771000.000
0.025 138412000.000
0.026 131288000.000
0.027 125460000.000
0.028 210082000.000
0.029 132308000.000
0.03 106410000.000
0.031 100179000.000
0.032 96461000.000
0.033 92630000.000
0.034 144627000.000
0.035 108177000.000
0.036 84379000.000
0.037 76608000.000
0.038 73558000.000
0.039 87323000.000
0.04 102598000.000
0.041 78729000.000
0.042 65156000.000
0.043 60763000.000
0.044 68594000.000
0.045 83295000.000
0.046 70004000.000
0.047 57787000.000
0.048 51478000.000
0.049 56632000.000
0.05 75831000.000
0.051 55302000.000
0.052 48653000.000
0.053 45759000.000
0.054 53570000.000
0.055 63432000.000
0.056 46641000.000
0.057 41033000.000
0.058 46339000.000
0.059 48406000.000
0.06 44033000.000
0.061 41026000.000
0.062 37166000.000
0.063 47748000.000
0.064 40885000.000
0.065 38261000.000
0.066 34693000.000
0.067 42044000.000
0.068 37889000.000
0.069 35869000.000
0.07 34228000.000
0.071 36381000.000
0.072 36705000.000
0.073 30479000.000
0.074 35085000.000
0.075 31565000.000
0.076 31741000.000
0.077 29370000.000
0.078 31484000.000
0.079 29544000.000
0.08 29221000.000
0.081 28433000.000
0.082 29304000.000
0.083 28648000.000
0.084 26362000.000
0.085 30219000.000
0.086 25914000.000
0.087 26638000.000
0.088 25821000.000
0.089 27949000.000
0.09 23148000.000
0.091 25784000.000
0.092 24383000.000
0.093 25385000.000
0.094 24247000.000
0.095 24370000.000
0.096 24200000.000
0.097 23760000.000
0.098 23127000.000
0.099 23894000.000
0.1 21797000.000
0.101 23471000.000
0.102 21205000.000
0.103 23241000.000
0.104 22579000.000
0.105 21990000.000
0.106 20487000.000
0.107 23104000.000
0.108 20525000.000
0.109 21348000.000
0.11 21586000.000
0.111 20535000.000
0.112 20165000.000
0.113 20492000.000
0.114 20029000.000
0.115 19927000.000
0.116 20180000.000
0.117 18928000.000
0.118 20405000.000
0.119 18512000.000
0.12 18891000.000
0.121 19686000.000
0.122 18830000.000
0.123 19780000.000
0.124 17953000.000
0.125 19519000.000
0.126 17839000.000
0.127 18665000.000
0.128 18663000.000
0.129 18380000.000
0.13 18153000.000
0.131 17703000.000
0.132 17925000.000
0.133 17809000.000
0.134 17359000.000
0.135 17389000.000
0.136 17534000.000
0.137 17348000.000
0.138 16695000.000
0.139 17098000.000
0.14 17827000.000
0.141 16511000.000
0.142 17181000.000
0.143 16043000.000
0.144 17303000.000
0.145 16481000.000
0.146 16338000.000
0.147 17519000.000
0.148 15773000.000
0.149 17216000.000
0.15 15621000.000
0.151 17033000.000
0.152 15872000.000
0.153 16244000.000
0.154 16064000.000
0.155 16258000.000
0.156 16202000.000
0.157 15752000.000
0.158 16582000.000
0.159 16059000.000
0.16 16475000.000
0.161 15893000.000
0.162 16156000.000
0.163 14902000.000
0.164 15178000.000
0.165 16319000.000
0.166 15093000.000
0.167 15195000.000
0.168 15712000.000
0.169 14833000.000
0.17 15297000.000
0.171 14874000.000
0.172 15073000.000
0.173 14928000.000
0.174 16123000.000
0.175 15775000.000
0.176 15364000.000
0.177 15116000.000
0.178 14778000.000
0.179 15972000.000
0.18 14004000.000
0.181 15320000.000
0.182 13209000.000
0.183 14280000.000
0.184 14181000.000
0.185 13717000.000
0.186 14834000.000
0.187 13552000.000
0.188 13835000.000
0.189 13611000.000
0.19 14224000.000
0.191 14560000.000
0.192 13900000.000
0.193 14114000.000
0.194 14474000.000
0.195 14218000.000
0.196 14016000.000
0.197 14445000.000
0.198 13954000.000
0.199 13786000.000
0.2 14373000.000
0.201 13627000.000
0.202 13590000.000
0.203 13588000.000
0.204 13217000.000
0.205 13092000.000
0.206 13277000.000
0.207 13476000.000
0.208 13841000.000
0.209 13776000.000
0.21 13838000.000
0.211 13996000.000
0.212 13201000.000
0.213 13248000.000
0.214 13568000.000
0.215 13346000.000
0.216 13196000.000
0.217 13451000.000
0.218 12894000.000
0.219 13217000.000
0.22 12941000.000
0.221 13240000.000
0.222 13184000.000
0.223 12947000.000
0.224 13040000.000
0.225 13281000.000
0.226 12304000.000
0.227 13641000.000
0.228 12828000.000
0.229 12856000.000
0.23 13394000.000
0.231 12314000.000
0.232 13966000.000
0.233 11755000.000
0.234 13453000.000
0.235 12109000.000
0.236 12287000.000
0.237 13052000.000
0.238 12044000.000
0.239 12950000.000
0.24 12080000.000
0.241 12245000.000
0.242 12739000.000
0.243 12490000.000
0.244 12311000.000
0.245 12079000.000
0.246 12793000.000
0.247 12279000.000
0.248 12395000.000
0.249 12693000.000
0.25 12396000.000
0.251 12391000.000
0.252 12400000.000
0.253 11938000.000
0.254 12589000.000
0.255 12202000.000
0.256 12068000.000
0.257 12161000.000
0.258 12201000.000
0.259 12348000.000
0.26 12048000.000
0.261 12160000.000
0.262 11866000.000
0.263 11633000.000
0.264 12065000.000
0.265 11896000.000
0.266 12410000.000
0.267 12257000.000
0.268 11361000.000
0.269 11830000.000
0.27 12048000.000
0.271 11786000.000
0.272 11589000.000
0.273 11381000.000
0.274 11780000.000
0.275 11613000.000
0.276 11742000.000
0.277 11767000.000
0.278 11461000.000
0.279 11355000.000
0.28 11428000.000
0.281 11560000.000
0.282 11517000.000
0.283 11357000.000
0.284 11260000.000
0.285 11208000.000
0.286 11576000.000
0.287 11683000.000
0.288 11124000.000
0.289 11671000.000
0.29 10892000.000
0.291 11640000.000
0.292 11389000.000
0.293 11594000.000
0.294 11279000.000
0.295 11225000.000
0.296 11243000.000
0.297 11516000.000
0.298 10863000.000
0.299 11025000.000
0.3 11301000.000
0.301 10791000.000
0.302 11331000.000
0.303 11396000.000
0.304 10670000.000
0.305 11380000.000
0.306 11438000.000
0.307 10871000.000
0.308 11221000.000
0.309 10848000.000
0.31 10502000.000
0.311 12025000.000
0.312 10508000.000
0.313 10709000.000
0.314 11678000.000
0.315 10173000.000
0.316 10467000.000
0.317 10696000.000
0.318 10137000.000
0.319 10555000.000
0.32 10752000.000
0.321 10246000.000
0.322 10683000.000
0.323 10588000.000
0.324 10361000.000
0.325 10681000.000
0.326 10935000.000
0.327 10425000.000
0.328 10879000.000
0.329 10422000.000
0.33 10321000.000
0.331 9957000.000
0.332 10228000.000
0.333 9859000.000
0.334 10331000.000
0.335 10301000.000
0.336 10193000.000
0.337 10408000.000
0.338 10244000.000
0.339 10357000.000
0.34 10202000.000
0.341 10133000.000
0.342 10607000.000
0.343 10205000.000
0.344 10484000.000
0.345 10007000.000
0.346 10334000.000
0.347 10090000.000
0.348 10214000.000
0.349 10300000.000
0.35 10343000.000
0.351 10064000.000
0.352 10002000.000
0.353 10066000.000
0.354 10226000.000
0.355 10164000.000
0.356 10205000.000
0.357 10013000.000
0.358 10060000.000
0.359 10120000.000
0.36 10092000.000
0.361 9876000.000
0.362 9884000.000
0.363 9801000.000
0.364 10203000.000
0.365 10005000.000
0.366 9576000.000
0.367 9534000.000
0.368 9687000.000
0.369 9625000.000
0.37 9911000.000
0.371 9684000.000
0.372 9706000.000
0.373 9708000.000
0.374 10076000.000
0.375 9920000.000
0.376 9565000.000
0.377 9804000.000
0.378 9475000.000
0.379 9731000.000
0.38 9697000.000
0.381 9258000.000
0.382 9585000.000
0.383 9361000.000
0.384 9568000.000
0.385 9278000.000
0.386 9638000.000
0.387 9565000.000
0.388 9490000.000
0.389 9741000.000
0.39 9358000.000
0.391 9630000.000
0.392 9263000.000
0.393 9485000.000
0.394 9194000.000
0.395 9174000.000
0.396 9162000.000
0.397 9169000.000
0.398 9229000.000
0.399 9002000.000
0.4 9059000.000
0.401 9099000.000
0.402 9127000.000
0.403 9042000.000
0.404 8848000.000
0.405 9014000.000
0.406 9199000.000
0.407 9528000.000
0.408 9186000.000
0.409 9372000.000
0.41 9204000.000
0.411 8946000.000
0.412 8855000.000
0.413 9064000.000
0.414 9026000.000
0.415 8465000.000
0.416 8808000.000
0.417 9019000.000
0.418 8728000.000
0.419 8882000.000
0.42 8579000.000
0.421 8447000.000
0.422 8519000.000
0.423 8558000.000
0.424 8434000.000
0.425 8429000.000
0.426 8433000.000
0.427 8554000.000
0.428 8692000.000
0.429 8320000.000
0.43 8263000.000
0.431 8188000.000
0.432 8287000.000
0.433 8207000.000
0.434 8403000.000
0.435 8237000.000
0.436 8195000.000
0.437 8123000.000
0.438 8091000.000
0.439 8331000.000
0.44 8123000.000
0.441 8332000.000
0.442 8000000.000
0.443 8320000.000
0.444 7920000.000
0.445 8044000.000
0.446 7907000.000
0.447 7775000.000
0.448 7973000.000
0.449 7888000.000
0.45 8285000.000
0.451 7527000.000
0.452 7544000.000
0.453 7695000.000
0.454 7782000.000
0.455 7657000.000
0.456 7728000.000
0.457 7868000.000
0.458 7498000.000
0.459 7873000.000
0.46 7718000.000
0.461 7466000.000
0.462 7830000.000
0.463 7811000.000
0.464 7772000.000
0.465 7908000.000
0.466 7484000.000
0.467 7817000.000
0.468 8254000.000
0.469 7753000.000
0.47 7468000.000
0.471 7488000.000
0.472 7408000.000
0.473 7781000.000
0.474 7523000.000
0.475 7620000.000
0.476 7287000.000
0.477 7146000.000
0.478 7187000.000
0.479 7246000.000
0.48 7703000.000
0.481 7264000.000
0.482 7287000.000
0.483 7222000.000
0.484 7277000.000
0.485 7347000.000
0.486 7513000.000
0.487 6927000.000
0.488 7008000.000
0.489 7080000.000
0.49 7181000.000
0.491 7428000.000
0.492 7334000.000
0.493 6785000.000
0.494 6920000.000
0.495 6878000.000
0.496 6968000.000
0.497 7699000.000
0.498 6491000.000
0.499 6654000.000
0.5 6687000.000
0.501 6531000.000
0.502 6289000.000
0.503 7567000.000
0.504 6677000.000
0.505 6691000.000
0.506 6389000.000
0.507 6433000.000
0.508 6894000.000
0.509 7185000.000
0.51 6665000.000
0.511 6616000.000
0.512 6525000.000
0.513 6727000.000
0.514 7160000.000
0.515 7043000.000
0.516 6685000.000
0.517 6529000.000
0.518 6212000.000
0.519 6305000.000
0.52 6785000.000
0.521 6604000.000
0.522 6353000.000
0.523 6488000.000
0.524 6388000.000
0.525 6569000.000
0.526 6604000.000
0.527 6383000.000
0.528 6317000.000
0.529 6332000.000
0.53 6301000.000
0.531 6603000.000
0.532 6507000.000
0.533 6079000.000
0.534 6079000.000
0.535 6075000.000
0.536 6137000.000
0.537 6343000.000
0.538 6226000.000
0.54 6304000.000
0.541 6035500.000
0.543 6027000.000
0.545 5833500.000
0.547 6005000.000
0.549 5974500.000
0.551 6090000.000
0.552 5944000.000
0.554 5890500.000
0.556 5858000.000
0.558 5798000.000
0.56 5754500.000
0.562 5945000.000
0.564 6121000.000
0.565 5889000.000
0.567 5870500.000
0.569 5632000.000
0.571 5681500.000
0.573 5625000.000
0.575 5684500.000
0.577 5539500.000
0.579 5436000.000
0.581 5457000.000
0.583 5370500.000
0.585 5189000.000
0.587 5186000.000
0.589 5209000.000
0.591 5169000.000
0.593 5301500.000
0.595 5109000.000
0.597 5060500.000
0.599 4900000.000
0.601 4904500.000
0.603 4893500.000
0.605 4965500.000
0.607 4888500.000
0.609 4928500.000
0.611 4790000.000
0.613 5015000.000
0.615 4776000.000
0.617 4839000.000
0.619 4851000.000
0.621 4705500.000
0.623 4581000.000
0.625 4539000.000
0.627 4511500.000
0.629 4638000.000
0.631 4518000.000
0.633 4483500.000
0.635 4413500.000
0.637 4415500.000
0.639 4439500.000
0.641 4361500.000
0.643 4339000.000
0.645 4306000.000
0.647 4267000.000
0.649 4274000.000
0.651 4041000.000
0.653 4165000.000
0.655 4023500.000
0.657 4062000.000
0.659 4068500.000
0.661 4087000.000
0.663 4006500.000
0.665 4118000.000
0.667 3976000.000
0.669 3855000.000
0.671 3818500.000
0.673 3938000.000
0.675 3726000.000
0.677 3835000.000
0.679 3736000.000
0.681 3598000.000
0.683 3658500.000
0.685 3617500.000
0.687 3523500.000
0.689 3694000.000
0.691 3596000.000
0.693 3517000.000
0.695 3502000.000
0.697 3524000.000
0.699 3392500.000
0.701 3380500.000
0.703 3440500.000
0.705 3502000.000
0.707 3211500.000
0.709 3234500.000
0.711 3276500.000
0.713 3249500.000
0.715 3416000.000
0.717 3201000.000
0.72 3320000.000
0.721 3268000.000
0.723 3294000.000
0.725 3168000.000
0.727 3057000.000
0.729 3133500.000
0.732 3003000.000
0.735 3001666.667
0.738 2896666.667
0.741 2873666.667
0.744 2890000.000
0.747 2848666.667
0.75 2841000.000
0.753 2732333.333
0.756 2750666.667
0.759 2611000.000
0.762 2630333.333
0.765 2656333.333
0.768 2450333.333
0.771 2531000.000
0.774 2648666.667
0.777 2553000.000
0.78 2578000.000
0.783 2444000.000
0.786 2547666.667
0.789 2391000.000
0.792 2434000.000
0.795 2371666.667
0.798 2204000.000
0.801 2114666.667
0.804 2142000.000
0.807 2093333.333
0.81 2248666.667
0.813 2224666.667
0.816 2129333.333
0.819 2142333.333
0.822 2131000.000
0.825 2089666.667
0.828 2034333.333
0.831 1954500.000
0.835 1966500.000
0.839 2044666.667
0.842 1844500.000
0.846 1796000.000
0.85 1825500.000
0.854 1844250.000
0.858 1857000.000
0.862 1755250.000
0.866 1774750.000
0.87 1734250.000
0.874 1738000.000
0.878 1764250.000
0.882 1741250.000
0.886 1727000.000
0.89 1792250.000
0.894 1804000.000
0.898 1785500.000
0.902 1757750.000
0.906 1701250.000
0.91 1602750.000
0.915 1719500.000
0.918 1733750.000
0.922 1777500.000
0.926 1850250.000
0.93 1869000.000
0.934 1919750.000
0.938 1952000.000
0.943 1910500.000
0.946 2232333.333
0.949 2287666.667
0.952 2045333.333
0.955 2432000.000
0.958 2043333.333
0.961 2665666.667
0.964 2381333.333
0.967 2676000.000
0.97 2417666.667
0.973 2965000.000
0.976 2436666.667
0.978 3718500.000
0.981 2541666.667
0.984 2914666.667
0.986 4036500.000
0.989 2898666.667
0.991 3076500.000
0.993 3136000.000
0.995 6646000.000
0.996 3433000.000
0.998 8218000.000
0.999 35378000.000
